((((____BUTsp:0.01120,__UpSACsp:-0.00389):0.00833,(____MILsp:0.00467,
____DERsp:0.00579):0.00150):0.00579,(___SACwin:0.14516,(((((((____EELva:0.04590,
______RUS:-0.01199):0.03098,((((______IGH:0.01830,((((((____TRHsp:-0.00020,
((SeventiesS:0.00027,NinetiesSp:0.00549):0.00256,ModernSpr:-0.00147):0.00169):0.00371,
(NinetiesFa:0.00115,ModernFall:0.00233):0.00006):0.00102,
EightiesFa:0.00203):0.00711,_SalmonSp:0.00819):0.00385,TwentyFall:0.00376):0.00474,
_SalmonFl:0.00670):0.00195):0.06693,____ROGfl:-0.01074):0.01315,
____ROGsp:0.00009):0.02130,(____Smith:0.01071,_____CHET:0.00466):0.00459):0.01357):0.01702,
____UMPsp:-0.00196):0.02647,(((((_Coquille:0.01973,((((__CEDARfl:0.01409,
____Alsea:0.00607):0.00097,___Siletz:0.01292):0.00460,_____NEHA:0.05355):0.00246,
_____SIUS:0.00060):0.01029):0.02211,_QUINLTfl:0.03739):0.00367,
____FORKS:0.01403):0.02819,((((((((((((__WNTCHsp:0.00952,
(RAPRsnkfl:0.01163,MCALsnksp:0.02378):0.01558):0.06515,CELUMcosp:-0.02119):0.04160,
((_____Goat:0.08612,(___Karluk:0.04625,(__Montana:0.05906,
(((___George:-0.01091,Kantishna:0.06769):0.01404,___Togiak:-0.00480):0.00819,
_Kanektok:-0.00289):0.00875):0.00630):0.00897):0.00549,____SITak:0.01095):0.05692):0.02511,
__LilTats:0.01200):0.01794,__KWANGsu:0.00390):0.00634,___Morice:0.01246):0.01879,
__UNUKlpw:0.01285):0.01023,___Kkalum:0.00896):0.02643,____SPIbc:0.10577):0.02997,
_____BIRK:0.12660):0.02098,___Harris:0.02883):0.02369,_RBRTSNfl:0.04210):0.00851):0.01163,
(((___KNDLsp:0.04226,___MRBLsp:0.01108):0.00796,___SOOSfl:0.02959):0.00593,
BIGQUALfl:0.01677):0.00498):0.02109):0.00711,((__SANTwil:0.01287,
MKENZwilsp:0.00681):0.03737,____KALco:0.01080):0.01846):0.00845,
((__COWcofl:-0.00242,_SPRGcofl:0.05972):0.01221,__COWcosp:0.00995):0.00966):0.01985,
(____DESCH:-0.00405,(((__COLhanf:0.00055,_WELScosu:0.01217):0.00313,
_PRAPcofl:0.00263):0.00782,LYONsnkfl:0.00286):0.01743):0.01987):0.04431):0.00468):0.00645,
(____FRHfl:0.00061,((____MILfl:0.00247,____BATfl:0.00234):0.00068,
(____SAClf:0.01015,(____DERfl:0.00495,(____BUTfl:0.00122,
____MOKfl:0.00511):0.00020):0.00104):0.00033):0.00351):0.00106,____FRHsp:0.00373);
